{
 "cells": [
  {
   "cell_type": "code",
   "execution_count": 1,
   "metadata": {},
   "outputs": [
    {
     "name": "stdout",
     "output_type": "stream",
     "text": [
      "[[0 1 1 0 1 0 0 0 0 0 0 0]\n",
      " [1 0 0 1 0 1 0 0 0 0 0 0]\n",
      " [1 0 0 1 1 0 1 0 0 0 0 0]\n",
      " [0 1 1 0 0 1 0 1 0 0 0 0]\n",
      " [1 0 1 0 0 1 1 0 1 0 0 0]\n",
      " [0 1 0 1 1 0 0 1 0 1 0 0]\n",
      " [0 0 1 0 1 0 0 1 1 0 1 0]\n",
      " [0 0 0 1 0 1 1 0 0 1 0 1]\n",
      " [0 0 0 0 1 0 1 0 0 1 1 0]\n",
      " [0 0 0 0 0 1 0 1 1 0 0 1]\n",
      " [0 0 0 0 0 0 1 0 1 0 0 1]\n",
      " [0 0 0 0 0 0 0 1 0 1 1 0]]\n"
     ]
    }
   ],
   "source": [
    "import numpy as np\n",
    "\n",
    "def reconstruct_symmetric_matrix(relevant_part, size=12):\n",
    "    \"\"\"\n",
    "    Reconstructs a symmetric matrix of given size from the relevant part.\n",
    "    \n",
    "    Parameters:\n",
    "        relevant_part (array-like): A flattened array of the relevant part of the symmetric matrix.\n",
    "        size (int): The size of the square matrix (default is 12).\n",
    "        \n",
    "    Returns:\n",
    "        np.ndarray: The reconstructed symmetric matrix.\n",
    "    \"\"\"\n",
    "    # Initialize an empty matrix\n",
    "    matrix = np.zeros((size, size), dtype=int)\n",
    "    \n",
    "    # Fill the upper triangular part of the matrix with the relevant values\n",
    "    indices = np.triu_indices(size)\n",
    "    matrix[indices] = relevant_part\n",
    "    \n",
    "    # Mirror the upper triangular part to the lower triangular part\n",
    "    matrix = matrix + matrix.T - np.diag(matrix.diagonal())\n",
    "    \n",
    "    return matrix\n",
    "\n",
    "# Example usage:\n",
    "# Define the relevant part (upper triangular including diagonal)\n",
    "relevant_part = [\n",
    "    0,1,1,0,1,0,0,0,0,0,0,0, # row 1\n",
    "       0,0,1,0,1,0,0,0,0,0,0, # row 2\n",
    "          0,1,1,0,1,0,0,0,0,0, # row 3\n",
    "             0,0,1,0,1,0,0,0,0, # row 4\n",
    "                0,1,1,0,1,0,0,0, # row 5\n",
    "                   0,0,1,0,1,0,0, # row 6\n",
    "                      0,1,1,0,1,0, # row 7\n",
    "                         0,0,1,0,1, # row 8\n",
    "                            0,1,1,0, # row 9\n",
    "                               0,0,1, # row 10\n",
    "                                  0,1, # row 11\n",
    "                                     0  # row 12\n",
    "]\n",
    "\n",
    "# Reconstruct the full matrix\n",
    "full_matrix = reconstruct_symmetric_matrix(relevant_part)\n",
    "\n",
    "print(full_matrix)"
   ]
  },
  {
   "cell_type": "code",
   "execution_count": 5,
   "metadata": {},
   "outputs": [
    {
     "name": "stdout",
     "output_type": "stream",
     "text": [
      "[[0.         0.         0.01538462 0.03076923 0.04615385 0.06153846\n",
      "  0.07692308 0.09230769 0.10769231 0.12307692 0.13846154 0.15384615]\n",
      " [0.         0.         0.16923077 0.18461538 0.2        0.21538462\n",
      "  0.23076923 0.24615385 0.26153846 0.27692308 0.29230769 0.30769231]\n",
      " [0.01538462 0.16923077 0.         0.32307692 0.33846154 0.35384615\n",
      "  0.36923077 0.38461538 0.4        0.41538462 0.43076923 0.44615385]\n",
      " [0.03076923 0.18461538 0.32307692 0.         0.46153846 0.47692308\n",
      "  0.49230769 0.50769231 0.52307692 0.53846154 0.55384615 0.56923077]\n",
      " [0.04615385 0.2        0.33846154 0.46153846 0.         0.58461538\n",
      "  0.6        0.61538462 0.63076923 0.64615385 0.66153846 0.67692308]\n",
      " [0.06153846 0.21538462 0.35384615 0.47692308 0.58461538 0.\n",
      "  0.69230769 0.70769231 0.72307692 0.73846154 0.75384615 0.76923077]\n",
      " [0.07692308 0.23076923 0.36923077 0.49230769 0.6        0.69230769\n",
      "  0.         0.78461538 0.8        0.81538462 0.83076923 0.84615385]\n",
      " [0.09230769 0.24615385 0.38461538 0.50769231 0.61538462 0.70769231\n",
      "  0.78461538 0.         0.86153846 0.87692308 0.89230769 0.90769231]\n",
      " [0.10769231 0.26153846 0.4        0.52307692 0.63076923 0.72307692\n",
      "  0.8        0.86153846 0.         0.92307692 0.93846154 0.95384615]\n",
      " [0.12307692 0.27692308 0.41538462 0.53846154 0.64615385 0.73846154\n",
      "  0.81538462 0.87692308 0.92307692 0.         0.96923077 0.98461538]\n",
      " [0.13846154 0.29230769 0.43076923 0.55384615 0.66153846 0.75384615\n",
      "  0.83076923 0.89230769 0.93846154 0.96923077 0.         1.        ]\n",
      " [0.15384615 0.30769231 0.44615385 0.56923077 0.67692308 0.76923077\n",
      "  0.84615385 0.90769231 0.95384615 0.98461538 1.         0.        ]]\n",
      "[0.         0.01538462 0.03076923 0.04615385 0.06153846 0.07692308\n",
      " 0.09230769 0.10769231 0.12307692 0.13846154 0.15384615 0.16923077\n",
      " 0.18461538 0.2        0.21538462 0.23076923 0.24615385 0.26153846\n",
      " 0.27692308 0.29230769 0.30769231 0.32307692 0.33846154 0.35384615\n",
      " 0.36923077 0.38461538 0.4        0.41538462 0.43076923 0.44615385\n",
      " 0.46153846 0.47692308 0.49230769 0.50769231 0.52307692 0.53846154\n",
      " 0.55384615 0.56923077 0.58461538 0.6        0.61538462 0.63076923\n",
      " 0.64615385 0.66153846 0.67692308 0.69230769 0.70769231 0.72307692\n",
      " 0.73846154 0.75384615 0.76923077 0.78461538 0.8        0.81538462\n",
      " 0.83076923 0.84615385 0.86153846 0.87692308 0.89230769 0.90769231\n",
      " 0.92307692 0.93846154 0.95384615 0.96923077 0.98461538 1.        ]\n",
      "66\n"
     ]
    }
   ],
   "source": [
    "import numpy as np\n",
    "\n",
    "def reconstruct_symmetric_matrix_no_diag(relevant_part, size=12):\n",
    "    \"\"\"\n",
    "    Reconstructs a symmetric matrix of given size from the relevant part, excluding the diagonal.\n",
    "    \n",
    "    Parameters:\n",
    "        relevant_part (array-like): A flattened array of the strictly upper triangular part of the symmetric matrix.\n",
    "        size (int): The size of the square matrix (default is 12).\n",
    "        \n",
    "    Returns:\n",
    "        np.ndarray: The reconstructed symmetric matrix with diagonal values set to 0.\n",
    "    \"\"\"\n",
    "    # Initialize an empty matrix\n",
    "    matrix = np.zeros((size, size), dtype=float)\n",
    "    \n",
    "    # Fill the strictly upper triangular part of the matrix\n",
    "    indices = np.triu_indices(size, k=1)  # k=1 excludes the diagonal\n",
    "    matrix[indices] = relevant_part\n",
    "    \n",
    "    # Mirror the strictly upper triangular part to the lower triangular part\n",
    "    matrix = matrix + matrix.T\n",
    "    \n",
    "    return matrix\n",
    "\n",
    "# Example usage:\n",
    "# Define the relevant part (strictly upper triangular, excluding diagonal)\n",
    "# relevant_part = [\n",
    "#     1, 1, 0, 1, 0, 0, 0, 0, 0, 0, 0, # row 1\n",
    "#        0, 1, 0, 1, 0, 0, 0, 0, 0, 0, # row 2\n",
    "#           1, 1, 0, 1, 0, 0, 0, 0, 0, # row 3\n",
    "#              0, 1, 0, 1, 0, 0, 0, 0, # row 4\n",
    "#                 1, 1, 0, 1, 0, 0, 0, # row 5\n",
    "#                    0, 1, 0, 1, 0, 0, # row 6\n",
    "#                       1, 1, 0, 1, 0, # row 7\n",
    "#                          0, 1, 0, 1, # row 8\n",
    "#                             1, 1, 0, # row 9\n",
    "#                                0, 1, # row 10\n",
    "#                                   1  # row 11\n",
    "# ]\n",
    "relevant_part = np.linspace(0,1,66)\n",
    "\n",
    "# Reconstruct the full matrix\n",
    "full_matrix = reconstruct_symmetric_matrix_no_diag(relevant_part)\n",
    "\n",
    "print(full_matrix)\n",
    "\n",
    "def extract_relevant_part(matrix):\n",
    "    \"\"\"\n",
    "    Extracts the relevant part (strictly upper triangular values, excluding the diagonal) \n",
    "    from a symmetric matrix.\n",
    "    \n",
    "    Parameters:\n",
    "        matrix (np.ndarray): A square symmetric matrix (e.g., 12x12).\n",
    "        \n",
    "    Returns:\n",
    "        np.ndarray: A 1D array containing the strictly upper triangular values.\n",
    "    \"\"\"\n",
    "    if matrix.shape[0] != matrix.shape[1]:\n",
    "        raise ValueError(\"Input must be a square matrix.\")\n",
    "    \n",
    "    # Extract strictly upper triangular values\n",
    "    relevant_part = matrix[np.triu_indices(matrix.shape[0], k=1)]\n",
    "    return relevant_part\n",
    "\n",
    "new_relevant_part = extract_relevant_part(full_matrix)\n",
    "\n",
    "print(new_relevant_part)\n",
    "assert np.array_equal(relevant_part, new_relevant_part)\n",
    "print(len(relevant_part))"
   ]
  }
 ],
 "metadata": {
  "kernelspec": {
   "display_name": "hostEnv",
   "language": "python",
   "name": "python3"
  },
  "language_info": {
   "codemirror_mode": {
    "name": "ipython",
    "version": 3
   },
   "file_extension": ".py",
   "mimetype": "text/x-python",
   "name": "python",
   "nbconvert_exporter": "python",
   "pygments_lexer": "ipython3",
   "version": "3.10.12"
  }
 },
 "nbformat": 4,
 "nbformat_minor": 2
}
